0 104
0 164
0 233
0 880
0 932
1 171
1 392
1 401
1 607
1 650
1 812
1 862
1 929
2 153
2 809
3 324
4 87
4 314
4 560
4 656
4 813
5 217
5 304
5 386
5 600
5 606
5 630
6 131
6 322
6 445
6 654
7 36
7 97
7 99
7 288
7 348
7 417
7 476
7 626
7 878
8 27
8 216
8 340
8 344
8 636
8 722
8 986
8 987
9 225
9 360
9 430
9 556
9 925
10 93
10 271
10 689
10 795
11 13
11 73
11 302
11 548
11 880
12 988
13 172
13 349
13 651
13 943
14 409
14 544
14 552
14 749
14 764
14 986
15 518
15 604
15 716
15 740
15 960
16 24
16 525
16 555
16 696
16 712
16 928
17 531
17 555
17 599
17 855
18 242
18 260
18 270
18 384
18 419
18 841
19 48
19 177
19 214
19 251
19 285
19 332
19 360
19 538
19 619
19 735
19 807
20 147
20 243
20 768
20 769
21 553
21 604
21 725
21 813
22 109
22 318
22 573
22 722
23 434
23 609
23 774
23 775
24 478
24 846
25 202
25 335
25 390
25 414
25 531
25 784
25 910
25 958
26 50
26 175
26 203
26 940
27 618
27 693
27 805
27 993
28 35
28 122
28 490
28 584
28 598
29 81
29 160
29 272
29 770
30 448
30 604
30 731
31 141
31 214
31 218
31 260
31 771
32 170
32 171
32 363
32 623
32 702
32 716
32 756
32 993
33 464
33 589
33 807
33 921
34 170
34 730
34 899
35 36
35 168
35 391
35 647
36 81
36 300
36 414
37 160
37 454
37 658
37 667
38 275
38 572
38 671
39 341
39 406
39 603
40 87
40 379
40 685
41 221
41 242
41 329
41 530
41 808
41 809
41 949
42 102
42 572
42 801
42 802
42 866
43 141
43 307
43 781
43 867
44 109
44 147
44 196
44 309
44 533
44 554
44 684
44 882
45 233
45 568
45 750
46 60
46 78
46 491
46 816
46 875
46 945
47 200
47 327
47 998
48 455
48 603
48 971
49 292
49 521
49 662
49 830
49 837
49 963
49 974
50 165
50 632
50 705
51 526
51 827
51 937
52 121
52 135
52 199
52 200
52 960
53 103
53 132
53 158
53 423
53 438
53 453
53 466
53 592
53 625
53 636
53 657
54 132
54 208
54 507
54 817
54 883
54 955
55 251
55 275
55 332
55 420
55 887
56 204
56 420
56 470
56 485
56 524
56 680
56 884
56 901
57 123
57 212
57 331
57 523
57 577
57 603
57 619
57 758
57 830
57 852
57 934
58 490
58 508
58 624
59 339
59 383
59 459
60 178
60 189
60 257
60 397
60 921
60 969
61 125
61 384
61 602
61 821
62 466
62 527
62 754
62 811
62 947
63 270
63 578
64 512
64 566
64 691
64 885
64 955
64 982
65 194
65 215
65 796
65 821
66 217
66 292
66 600
66 679
67 213
67 396
67 742
68 293
68 413
68 571
68 786
69 437
69 500
69 977
70 110
70 224
70 285
70 443
70 485
70 653
71 257
71 259
71 336
71 554
71 874
72 133
72 282
72 845
73 297
73 521
73 587
73 729
73 736
74 92
74 761
74 836
74 930
75 107
75 306
75 316
75 487
75 581
75 655
75 956
75 957
76 230
76 314
76 435
76 820
76 862
76 889
76 996
77 159
77 584
77 616
77 668
78 111
78 692
78 700
78 817
78 959
79 336
79 537
79 758
79 913
80 328
80 669
80 919
81 219
81 258
81 386
81 444
81 871
82 596
82 604
83 194
83 258
83 273
83 564
83 691
84 146
84 490
84 594
85 105
85 258
85 445
85 450
85 517
85 684
85 723
85 903
85 927
85 965
86 144
86 230
86 266
86 304
86 415
86 527
86 778
86 814
87 153
87 237
87 604
87 888
87 894
87 958
88 188
88 189
88 800
89 134
89 216
89 382
89 504
89 678
89 828
90 175
90 264
90 381
90 579
90 654
90 749
91 324
91 562
92 135
92 211
92 309
92 492
92 696
93 142
93 273
93 700
94 382
94 541
94 554
94 975
95 457
95 634
95 665
95 847
95 953
96 118
96 141
96 160
96 331
96 722
97 368
97 404
97 613
97 966
97 972
98 124
98 304
98 323
98 340
98 498
98 510
98 740
99 228
99 586
100 445
100 603
100 709
100 757
100 905
101 182
101 388
101 442
101 646
102 170
102 215
102 374
102 505
102 824
102 849
102 943
103 262
103 738
104 294
104 336
104 487
104 817
104 823
105 111
105 344
106 133
106 181
106 198
106 817
106 830
107 280
107 742
108 148
108 330
108 418
108 429
108 985
109 342
109 438
109 586
109 744
110 150
110 168
110 308
110 484
110 652
110 795
110 810
111 175
111 388
111 460
111 504
111 826
111 834
111 843
112 241
112 335
112 387
112 445
112 566
112 706
112 726
112 931
113 273
113 325
113 443
113 471
113 519
113 798
113 919
113 944
114 530
114 719
114 762
115 199
115 663
115 963
116 193
116 719
117 141
117 203
117 229
117 244
117 517
117 700
117 867
118 499
118 564
118 575
118 925
119 236
119 424
119 486
119 838
119 889
120 157
120 350
120 419
120 605
120 890
121 363
121 430
121 624
121 834
121 985
122 139
122 211
122 315
122 458
122 521
122 585
122 600
123 275
123 511
123 586
123 697
123 953
124 191
124 221
124 251
124 449
124 581
124 641
124 723
125 172
125 238
125 563
125 619
125 902
126 151
126 437
126 597
126 730
126 870
126 883
126 971
127 581
127 910
128 389
128 527
128 603
128 671
128 942
129 244
129 380
129 634
129 943
129 989
130 378
130 823
130 830
131 136
131 374
132 241
132 284
132 382
132 699
133 559
133 699
133 898
133 926
134 188
134 266
134 397
134 526
135 142
135 466
135 638
135 677
135 807
136 149
136 191
136 241
136 259
136 357
136 398
136 460
136 552
136 695
136 782
137 144
137 304
137 397
137 617
137 852
137 919
138 338
139 279
139 738
139 789
139 837
140 174
140 594
140 635
141 293
141 556
141 625
141 655
141 715
141 742
141 848
141 959
142 599
143 282
143 414
143 874
143 929
144 316
144 430
144 496
145 348
145 426
145 523
145 702
145 784
145 824
146 299
146 308
146 545
146 599
147 399
148 166
148 436
148 446
148 460
148 824
148 968
149 204
149 258
149 408
149 424
149 613
149 695
149 709
149 981
150 648
152 397
152 596
152 638
152 687
152 710
152 853
152 975
153 164
153 851
153 907
154 874
155 760
155 869
155 895
155 954
156 689
156 707
156 708
156 848
156 854
156 962
157 430
157 725
157 798
158 196
158 289
158 383
158 414
158 694
159 247
159 570
159 824
160 261
160 270
160 369
160 399
160 465
161 357
161 461
161 516
161 675
161 747
162 341
162 378
162 384
162 484
162 691
163 622
163 680
163 715
163 802
164 190
164 242
164 331
164 427
164 439
164 802
164 832
164 944
165 185
165 251
165 352
165 450
165 818
165 916
165 987
165 999
166 170
166 293
166 395
166 527
168 286
168 288
168 345
168 389
168 672
169 382
169 437
169 451
169 554
169 569
169 749
170 273
170 522
170 766
170 975
171 612
171 670
172 208
172 393
173 196
173 757
173 764
173 769
174 177
174 317
174 450
174 637
174 651
174 743
175 298
175 542
175 586
175 700
175 797
176 227
176 243
176 275
176 312
176 336
176 503
177 181
177 709
177 718
177 792
178 311
178 365
179 357
179 676
179 870
179 945
180 202
180 372
180 434
180 528
180 539
180 896
181 575
181 728
181 763
181 821
182 199
182 583
182 682
182 735
183 243
183 454
183 462
184 466
184 712
184 877
185 302
185 333
185 734
185 973
186 219
186 320
186 355
186 469
186 576
186 734
186 893
186 954
187 429
187 551
187 893
188 252
188 611
188 778
189 724
189 817
189 874
190 367
190 946
191 224
191 355
191 529
191 790
191 950
191 969
192 304
192 464
192 766
192 850
193 207
193 215
193 264
193 474
193 635
193 860
194 238
194 733
194 998
195 273
195 775
196 246
196 268
196 331
196 349
196 604
196 706
197 587
197 778
198 303
198 330
198 450
198 636
198 745
199 403
199 606
199 666
199 686
199 903
200 342
200 351
200 383
200 623
200 764
200 984
201 316
201 549
201 856
202 408
202 923
202 946
202 977
203 296
203 352
203 621
204 454
204 608
204 704
204 845
205 377
205 536
205 619
206 217
206 401
206 502
206 620
206 778
207 218
207 233
208 227
208 229
208 501
208 564
208 754
208 850
208 952
208 964
209 530
209 563
209 703
209 799
209 970
210 533
210 634
210 826
211 404
211 580
211 678
211 889
212 295
212 601
212 907
213 439
213 765
213 980
214 543
214 556
214 585
214 991
215 384
215 853
216 288
216 530
216 587
216 757
217 515
217 771
217 815
218 514
219 232
219 298
219 665
219 708
219 776
220 495
220 951
220 996
221 724
221 851
222 427
222 432
222 784
222 964
224 378
224 693
224 697
225 234
225 551
225 585
225 833
225 939
226 492
226 838
227 229
227 348
227 666
227 779
228 249
229 543
229 686
229 838
229 917
230 252
230 447
230 500
230 994
231 257
231 307
231 476
231 717
231 756
231 949
232 268
232 318
232 412
232 581
232 624
232 770
233 838
233 897
233 953
234 670
234 847
234 927
235 653
235 763
236 728
236 899
237 901
238 538
238 650
238 835
239 311
239 343
239 855
239 862
239 882
240 304
240 358
240 385
241 403
241 551
241 719
241 805
242 703
243 249
243 304
243 353
243 615
244 509
244 676
244 801
244 875
244 878
244 915
244 931
245 363
245 540
245 754
245 875
245 887
246 755
246 841
246 898
247 519
247 976
248 378
248 601
248 798
248 851
249 269
249 360
249 429
249 479
249 505
249 704
249 983
250 264
250 353
250 474
250 674
250 706
250 765
250 848
251 742
252 292
252 465
252 611
252 766
252 859
253 295
253 622
253 791
254 408
254 607
254 728
254 832
255 285
255 308
255 338
255 357
255 469
255 957
256 288
256 430
256 843
256 975
257 261
257 769
258 482
258 585
258 828
258 852
259 295
259 473
259 528
259 603
259 604
259 906
259 932
260 478
260 998
261 388
261 481
261 907
262 318
262 411
262 505
262 628
262 711
262 927
262 951
262 960
263 820
264 697
264 706
264 986
265 268
265 354
266 297
266 476
266 568
266 625
266 730
267 428
267 505
267 741
267 818
267 836
267 882
268 337
268 715
269 383
269 432
269 997
270 631
270 879
271 379
271 389
271 593
271 643
271 938
272 518
272 608
272 783
273 406
273 738
273 820
273 847
274 462
274 528
274 667
274 956
275 357
275 376
275 612
275 724
275 859
276 633
276 861
276 933
276 969
277 541
277 544
277 582
277 648
278 345
278 442
278 910
280 346
280 408
280 455
281 461
281 554
281 604
281 816
281 930
282 715
282 782
282 803
282 838
283 312
283 353
283 603
283 923
283 935
283 953
284 456
284 572
284 755
284 800
285 909
286 465
286 961
287 481
287 545
288 791
289 350
289 374
289 698
290 517
290 636
290 977
291 519
291 845
291 926
292 345
292 602
292 836
293 508
293 551
293 555
293 828
293 830
293 948
293 950
294 309
294 367
294 499
294 554
294 674
294 807
294 959
295 371
295 422
295 574
295 866
295 959
296 374
296 385
296 429
296 617
296 773
296 802
296 963
296 985
297 769
297 831
297 906
297 925
298 596
298 983
298 998
299 670
299 942
301 564
301 940
302 498
302 688
303 375
303 383
303 730
304 308
304 714
305 690
306 385
306 387
306 445
306 836
306 975
307 369
307 534
307 582
307 643
308 635
308 738
308 823
309 548
309 563
309 956
310 668
310 836
310 892
311 342
311 632
311 691
311 915
312 356
312 855
312 947
313 646
313 742
314 347
314 479
314 526
315 365
315 659
315 965
316 365
316 482
316 609
316 913
317 336
317 390
317 449
317 905
318 545
318 774
319 395
319 655
319 857
319 918
320 465
320 489
320 530
321 459
321 870
322 418
322 541
322 686
322 834
322 888
322 935
322 950
323 609
323 938
324 358
324 380
324 493
324 773
324 992
325 466
325 475
325 678
325 747
325 864
326 624
326 744
327 488
327 722
327 822
327 888
327 999
328 485
329 340
329 641
329 700
329 735
329 785
330 517
330 632
330 863
330 912
330 986
331 659
331 890
331 972
332 400
332 559
332 670
333 462
333 631
333 981
335 423
335 695
335 728
335 823
336 407
336 409
336 426
336 447
336 754
336 929
337 557
337 727
337 782
337 818
337 991
338 615
339 372
339 574
339 736
339 802
340 431
340 673
340 718
340 828
341 426
341 460
341 565
341 736
341 842
341 852
341 979
342 408
342 478
342 600
342 811
342 927
343 824
343 900
344 543
344 591
344 604
344 733
344 795
345 756
346 429
346 530
347 489
347 539
347 838
347 873
347 958
348 655
348 661
348 870
349 367
349 379
349 458
349 988
350 548
350 701
350 763
350 814
350 855
351 383
351 508
351 615
351 802
352 620
352 669
352 753
352 772
353 391
353 525
353 585
353 624
353 683
353 851
354 421
354 504
354 532
354 653
354 679
354 742
355 356
355 538
355 996
356 563
356 707
357 392
357 423
357 759
357 794
357 837
358 784
359 376
359 450
359 508
359 749
360 363
360 458
360 913
360 951
361 832
361 851
361 857
362 780
362 785
362 910
362 920
362 935
363 387
365 566
366 387
366 714
366 745
366 787
366 880
367 609
368 378
368 428
368 787
368 821
368 843
369 743
369 802
369 922
370 742
370 799
370 820
371 538
371 547
371 627
371 890
372 681
372 904
372 969
373 730
373 762
374 526
374 554
374 662
374 666
374 919
374 978
375 606
375 627
375 655
375 805
375 831
375 981
376 428
376 523
376 604
376 677
377 485
377 866
378 562
378 896
379 425
379 534
379 541
379 598
379 787
380 462
380 789
381 695
381 740
382 486
382 500
382 924
383 758
383 853
384 602
384 643
384 764
384 968
384 988
385 898
386 569
386 575
386 882
387 389
387 514
387 642
387 804
387 857
388 462
388 656
390 543
390 733
390 817
390 888
391 607
391 779
391 928
392 430
392 655
392 991
393 458
393 740
394 457
394 533
394 698
394 812
394 830
394 945
395 716
395 970
396 522
396 729
396 801
396 815
398 428
398 454
398 456
399 519
399 681
399 733
400 487
400 740
400 746
401 448
401 671
403 414
403 449
403 666
404 527
405 618
407 484
407 828
408 483
408 511
408 630
409 460
409 723
409 925
410 608
411 428
411 619
411 870
412 480
412 768
413 626
413 925
414 502
414 610
414 704
414 870
415 454
415 887
416 781
417 604
417 606
418 625
418 902
419 420
419 949
420 474
420 759
420 857
420 887
420 981
421 733
421 753
422 537
422 637
422 664
422 816
422 926
424 610
424 880
424 931
425 450
426 451
426 645
426 872
427 444
427 586
427 839
427 932
428 602
428 787
429 627
429 730
429 853
430 476
430 543
431 607
431 798
431 954
432 879
432 991
433 898
434 632
434 653
434 694
434 760
434 844
435 620
435 785
436 466
436 740
436 788
438 504
438 653
439 754
439 780
439 878
439 910
440 740
440 825
440 941
441 782
441 814
443 583
444 532
444 597
444 641
444 658
445 596
445 708
445 801
446 523
446 738
446 875
447 473
447 691
447 695
447 724
447 731
447 756
448 475
448 600
449 482
449 498
449 582
449 811
449 853
449 965
450 864
450 985
451 518
451 943
452 702
453 592
453 644
453 681
453 771
454 579
454 735
455 813
455 821
455 850
455 966
455 990
455 992
456 514
456 631
456 739
456 826
456 857
456 877
457 529
457 566
457 848
457 990
458 609
458 648
459 516
459 577
459 746
459 803
459 865
459 882
459 970
460 815
460 833
460 985
461 583
461 655
461 913
462 719
462 927
463 583
463 878
463 974
464 529
464 833
465 558
465 689
465 786
466 551
466 558
466 710
466 857
466 890
467 666
467 754
467 974
468 846
469 518
469 728
469 857
469 871
469 888
469 943
470 743
470 829
471 745
471 928
472 719
472 762
472 867
473 647
473 662
474 675
474 837
474 948
474 952
475 528
475 687
475 769
475 869
475 881
476 945
477 971
478 569
478 624
478 726
478 843
479 629
480 501
480 548
480 585
480 603
480 897
480 948
481 504
481 943
482 662
482 725
482 827
482 900
483 508
483 551
484 673
484 814
485 625
485 854
485 882
486 932
486 996
487 559
487 836
488 822
489 689
489 692
489 763
489 791
490 585
490 935
491 564
491 951
492 726
492 741
493 503
493 608
493 622
493 766
494 734
494 815
495 583
495 617
495 786
495 858
496 551
496 628
496 770
496 980
497 781
497 787
498 741
498 928
499 761
499 868
499 899
499 916
499 983
500 574
500 604
500 647
500 743
503 574
504 571
505 832
506 600
506 819
507 647
507 862
507 996
508 874
509 573
511 635
511 755
512 750
512 842
512 986
513 551
513 616
514 932
514 996
515 590
515 877
516 620
517 520
517 542
517 635
518 606
518 631
518 680
518 785
518 984
519 526
519 858
519 933
520 557
520 635
520 883
521 684
521 869
522 532
522 554
522 659
522 746
523 657
523 709
523 765
524 605
524 683
524 761
524 764
524 966
524 971
525 566
525 724
525 971
527 713
527 727
527 819
527 865
528 599
528 658
528 844
528 956
528 994
529 682
529 894
529 906
530 556
530 771
530 946
530 964
531 565
531 596
532 653
532 689
533 544
533 606
533 663
533 710
533 790
534 817
534 898
534 961
535 684
535 748
535 896
535 968
535 991
536 590
536 804
536 880
537 715
538 760
538 819
538 867
538 882
539 589
539 643
539 655
539 796
539 797
540 546
540 898
541 666
542 584
542 645
542 660
542 875
544 910
545 577
545 722
545 781
545 786
546 618
547 771
547 843
547 927
547 931
548 729
549 572
549 923
549 952
550 926
551 570
552 717
552 979
553 720
553 917
554 599
554 662
554 873
555 728
556 613
556 724
556 765
556 847
556 900
557 832
558 848
560 640
560 674
560 836
561 650
561 896
561 938
562 958
563 629
563 672
563 796
563 987
564 923
564 999
565 689
565 702
565 832
565 994
567 632
567 682
567 724
568 575
568 590
568 737
568 990
569 672
569 950
570 579
570 669
570 924
571 838
571 864
573 654
574 670
574 726
574 762
575 656
575 708
575 958
576 667
577 806
578 603
578 943
579 580
579 736
579 768
579 820
579 856
579 865
579 984
580 812
580 893
580 915
581 630
581 951
582 653
582 781
583 677
583 719
583 764
583 788
583 882
585 590
585 878
585 974
586 726
586 754
586 803
587 593
587 711
587 925
587 972
588 816
589 733
589 975
590 751
591 832
592 666
592 757
593 746
594 696
595 822
596 674
596 783
596 985
597 702
597 847
597 896
598 861
599 709
600 651
600 817
601 611
601 823
601 937
601 953
602 983
603 630
603 764
604 836
605 919
605 935
606 766
606 793
606 853
606 860
606 878
606 943
607 610
607 721
608 958
609 610
609 734
609 808
609 963
610 812
610 962
611 697
612 751
612 940
612 964
612 969
613 658
613 853
613 908
614 717
614 909
615 752
615 753
615 775
615 837
615 865
616 661
616 767
616 943
616 960
617 706
617 725
618 728
619 689
619 775
619 776
620 696
620 788
621 927
622 693
622 867
622 872
624 729
624 913
624 954
626 670
626 706
626 932
626 974
627 945
628 902
629 981
630 703
633 726
633 804
633 904
634 734
634 768
635 663
635 998
636 771
638 898
639 725
639 784
639 816
639 876
640 710
641 657
641 816
641 849
642 771
642 873
643 866
643 967
644 886
645 663
645 679
646 725
647 651
647 765
647 792
648 860
649 679
649 819
649 859
649 893
649 904
650 685
650 704
650 970
651 787
652 800
652 880
653 681
653 886
654 875
655 860
656 850
657 740
657 853
657 953
658 902
659 849
659 883
660 790
660 953
661 883
662 908
663 722
665 935
666 690
667 740
667 809
667 845
667 848
669 753
670 811
671 735
671 920
672 821
672 910
673 715
673 957
673 961
674 685
674 845
674 895
674 928
675 745
675 783
675 942
675 994
676 918
677 763
677 880
677 968
678 692
679 898
679 974
680 915
680 993
681 905
682 887
682 897
682 958
683 725
683 742
683 822
684 842
684 890
684 933
685 734
685 777
686 905
687 714
687 805
687 889
687 916
688 916
689 704
689 804
690 760
690 856
691 728
691 829
693 793
695 701
695 714
695 802
696 876
696 985
698 863
699 774
699 911
699 929
701 754
701 937
701 983
702 763
703 723
703 731
703 926
704 880
704 998
707 905
707 920
707 993
708 923
710 745
711 969
712 749
712 780
712 954
712 960
713 788
714 887
715 841
717 934
718 895
720 833
721 882
721 972
722 759
722 987
724 747
724 748
724 813
725 990
726 905
727 755
728 801
728 930
728 940
729 799
730 789
731 794
731 839
731 889
732 914
732 971
733 740
733 902
733 976
734 839
734 949
735 752
735 766
736 953
737 782
737 797
738 768
738 812
739 827
739 834
739 913
740 805
740 843
742 744
743 879
744 774
744 877
746 820
746 836
746 963
747 859
747 914
747 961
748 927
749 809
749 949
750 784
750 867
751 896
751 927
751 980
753 941
756 858
758 997
758 998
759 810
760 807
762 791
762 805
762 956
764 820
765 967
766 802
766 851
766 983
767 902
771 783
772 923
774 861
774 895
774 944
775 826
776 812
776 826
776 910
777 839
777 918
779 799
779 906
780 815
780 845
780 923
780 989
781 820
783 904
784 856
784 907
784 985
785 982
786 829
787 906
788 792
789 936
789 990
790 813
790 962
790 973
792 920
792 996
793 871
794 829
795 993
797 798
798 833
799 861
800 803
802 828
803 808
804 819
805 912
806 813
806 938
810 885
812 827
812 890
814 918
814 919
815 843
815 994
816 827
816 868
817 942
821 842
824 833
826 904
826 970
827 896
827 980
828 873
829 906
832 836
832 881
832 981
834 885
834 983
834 989
836 887
837 841
839 856
839 900
839 913
839 964
842 850
846 909
847 925
848 921
850 992
853 960
853 961
858 901
859 956
860 918
862 871
872 914
873 956
873 973
874 922
874 963
875 928
876 941
876 950
877 974
878 948
883 888
884 978
885 900
888 963
890 941
890 993
893 987
897 931
897 952
897 987
901 971
901 991
902 907
907 995
915 927
916 935
920 951
923 925
923 926
923 945
923 979
927 968
930 942
931 974
934 967
935 981
937 980
940 941
940 985
945 948
946 995
964 986
965 969
965 979
967 980
979 980
987 988
